1
32
9
2
9
2
9
2
9
2
1
95
9
2
9
2
9
2
1
32
9
2
9
2
9
2
9
2
9
2
9
2
9
2
9
2
9
2
1
95
9
2
1
10
9
2
1
32
9
2
9
2
9
2
9
2
9
2
1
92
9
2
1
32
9
2
9
2
9
2
9
2
9
2
9
2
9
2
9
2
9
2
1
47
9
2
1
32
9
2
1
41
9
2
1
10
9
2
1
32
9
2
9
2
9
2
9
2
9
2
9
2
1
61
9
2
9
2
9
2
9
2
9
2
9
2
9
2
9
2
9
2
1
10
9
2
1
32
9
2
9
2
1
95
9
2
9
2
9
2
1
47
9
2
1
32
9
2
1
92
9
2
1
32
9
2
9
2
9
2
9
2
9
2
1
47
9
2
1
32
9
2
1
92
9
2
1
95
9
2
9
2
9
2
1
10
9
2
1
32
9
2
1
47
9
2
1
32
9
2
9
2
1
47
9
2
1
92
9
2
1
32
9
2
9
2
1
92
9
2
1
32
9
2
1
93
9
2
1
32
9
2
1
47
9
2
1
32
9
2
9
2
1
47
9
2
1
92
9
2
1
32
9
2
9
2
1
92
9
2
1
10
9
2
1
40
9
2
1
32
9
2
9
2
1
113
9
2
1
45
9
2
9
2
9
2
9
2
9
2
1
40
9
2
1
32
9
2
1
41
9
2
1
32
9
2
9
2
1
40
9
2
1
32
9
2
9
2
1
111
9
2
1
32
9
2
9
2
1
41
9
2
1
10
9
2
1
32
9
2
1
92
9
2
1
95
9
2
9
2
9
2
1
47
9
2
1
32
9
2
9
2
9
2
9
2
1
91
9
2
1
32
9
2
9
2
9
2
9
2
1
92
9
2
1
95
9
2
9
2
9
2
1
47
9
2
1
10
9
2
50

.1000
30